1784598851
114547119
1823642390
64566347
322274620
3294647143
1620625896
2046858424
2985878857
835199154
1246617729
2423285786
3577904914
535439041
2595163611
1240456729
1560513641
2306649387
825937808
101059038
4003922633
3977581195
2755527203
4157164804
3680194177
2809204221
135242614
3968069518
3756563919
1158398657
2132382958
1479390801
2769270390
2426155989
3931215708
4158401249
3193611479
1286176207
318991475
315972689
2054619868
554022071
2329794124
686010944
629304154
2886265620
1264982318
2978893608
129427489
2754384135
1535511089
2785048999
2464201818
1433247795
3411069961
674654776
1812955619
4078159832
262375074
3859705110
1650646285
2789603438
2091785878
2321484402
3488192490
3869126637
1113355133
2677648220
3629723894
362320685
4004031030
316781334
1233405808
3435701563
226238833
3465082501
510137633
686871990
3085181989
3835447320
708393857
1421517058
833987277
1586412525
988584973
36568688
2760911193
2722907480
4014507329
210244855
1866412637
1476782283
2134733807
469892632
4106841344
328841212
3292667508
304627624
2403086738
1451730077
1334509995
3652026257
3290499259
1906372175
3144139470
3371367544
4180702476
3419921237
3276510837
1165689430
4059207259
888003629
1277753428
509832689
2595512274
647901058
2803806177
1316576422
548122013
3760479628
2833026114
39717107
1429367133
4218576993
934559247
1321121227
2930186050
453939859
3361945282
751628625
810105393
1611733338
241705148
2535104815
1169111646
3990741075
2422749213
3148536192
1013627156
2343563353
563693823
842484757
3055310128
1215382953
227724473
2237160652
2355963862
1461478691
654419347
762679185
2568457712
4108762149
1449070304
834394388
258190129
848026745
1874797589
700591446
127736908
3106809571
3561038124
2925368273
3131968233
3530687603
3284070470
22500081
43010566
667763254
895027862
638476080
646217671
3504572234
1852795130
1120420327
2343178784
1708808044
2415673637
2553528263
3283344483
2031670677
3063335084
4083309672
1512979574
3673569945
3290099572
4115608620
2731902368
2286512330
703884734
1754048908
2625483072
968401918
3046575503
3972373015
1366106681
2465196362
2893256035
1983892787
147834680
109971367
2467781941
2651689268
2079113595
1345444187
4261341998
37129611
3894623413
2413767325
2425630389
796048192
1667392277
2065482735
2539276817
2302191751
2106596277
3777342039
957620112
2214321657
475876052
2730715906
832338019
1532319062
3381572802
1526520656
2549304305
979550944
167111155
1298893532
2774863825
3850012796
436236533
2004846503
3935124650
2204834578
1368532977
3189116627
1770356827
337806701
35786546
3625893376
672430095
4001188666
2987302349
3577300289
1296263226
415530291
3653486159
2647806369
2493630368
4273379937
329679719
2866660890
4227198950
3950266924
1804553394
3206413588
1332991927
3394810013
3990937282
3652788288
1214479108
3325158886
1539816910
133875391
2264880999
1319258845
711224954
2277683988
1814597717
1647722129
2815697175
1695680244
1475199075
613690609
2792127768
3189927204
2317400698
4260481843
713376280
1162659277
1143757353
295000834
1771936600
587613661
2403808139
2456376807
1460859273
3512416021
140993664
3246788065
2941464177
2511224492
3762415075
3843301553
2216667579
3091060914
3371896860
2425590381
2575534998
198261134
464331280
2813295660
4130341135
3333706770
4020133841
3331365201
2723800748
4008297696
1381980958
3078629535
3569963134
673069706
3937861731
3602488611
2182580831
511941304
381629449
3037317238
1110893605
866014675
472994670
3193051369
2088374466
2975884250
1800095205
1857452319
2124353921
16067381
1848436141
536693631
3747548236
150718186
576155344
3919247008
909255834
20121197
3143411274
2949894889
3469118726
2628930540
2628615104
2104126229
669257196
2894029377
1368043050
438542793
3758094302
3303633371
4025104324
711302294
1049649301
217728485
3791721062
2506775111
653734394
3795685926
1354553568
3717452728
3601809559
148330005
3957253740
2802931916
229352904
3572228613
3362993063
4068611280
1802888072
3993490508
3064525190
826076482
2904722981
2586155004
2244987673
2837377300
2789238141
208866921
2942550810
3890968858
2474446907
337841155
3023174772
2201498812
1781616299
252682337
2907944677
2174846897
3437712472
304305126
3701386157
1430116535
4218553527
4059297684
3854270811
1693913023
1252737259
1434136234
1594475426
4140588574
3255054962
3690621839
201988412
4248014120
2641000811
231279366
4124522723
659199272
1899638989
3524744524
267929281
1840360492
231068985
1485807336
4110430576
3010174558
3425608462
1814880862
1954384661
4046802384
3046348393
667712044
1499362132
1632278722
3694860946
1990858777
1408613727
777717109
1336633493
3757080337
582818734
48121966
3152609470
2171069263
2053482283
2994685642
3954069843
2920045648
2876376524
2580526925
2660895007
791972018
1268437638
1571839510
1681165580
1403266291
2732664550
2658830942
312347036
69084154
4066285049
4129091325
1849202920
2810368574
2138407145
373081000
3140030280
2156380761
543479130
857673065
2587777236
2155237346
3562673103
703623992
1514910449
1707047101
1256938400
1225835327
2608932256
1638317232
2489289262
2009738561
1085977624
2451433888
3537760410
693915936
1102541172
2773174438
923948782
1695394236
2085544185
3485880959
125435764
1028626254
3154711048
593666424
200691390
1927424548
1245100704
3167730145
293635447
3133090721
2608276310
3479047654
1676176041
2170451253
3533998713
2791489434
2532333726
24086041
3086481914
3682033482
3520210795
2668233382
43926516
4050161556
3362705682
102327398
258888664
3145024231
2515219388
2445674885
1294642755
4042016374
1994073926
1816577060
2315110810
3680088930
4275195749
2803074183
104982116
4253391705
2472590776
2568292518
2241531862
3312525880
2758888517
2441079960
3528787935
2126692022
938896941
851795115
1777740372
3616643911
1708138418
3640754468
3195328458
257696307
1489532247
3508565035
1081576075
99538671
2412172309
3090332362
1281750239
1600945428
3444478813
350192865
1227634587
1457151657
2537322898
1818472678
1863803305
2122146248
354738624
93728347
608211543
3801208163
4273354484
3649995165
2855119925
815014219
3042195191
3457309779
1120239239
4282068610
1089811865
1423724944
1590163657
532115696
2903251411
3549457319
1046941959
3857183479
1462090321
3266867887
496625999
2086492701
1659775683
2758785666
2862244276
2415959576
150604700
1047893832
3616579704
1795122029
3235126893
3639324422
2155145086
3249196844
3052596252
4124171379
1507871961
1413292128
2567944606
196017429
1712297066
1538237263
3095942414
1199567688
2745502793
1720969155
1316183127
3938787701
127715075
131020799
1056258493
1995828217
1242686120
387759817
612088538
3629819707
1087044007
1417697873
3200795867
2575482986
2067199960
2423231806
353016800
547188253
2448156512
2672062927
3612571720
1370176961
292765608
675158988